3 -11.1111 0.01
2.77778 -22.2222 0.02
2.55556 -37.0311 0.03
2.03716 -52.846 0.04
1.49863 -85.2239 0.05
0.332678 -141.897 0.06
-1.3393 -1892.32 0.07
-37.5137 -253.396 0.08
-6.40723 -1892.46 0.09
-75.363 -258.268 0.1
-11.5726 -1892.5 0.11
-113.213 -259.761 0.12
-16.7678 -1892.51 0.13
-151.063 -260.473 0.14
-21.9773 -1892.52 0.15
-188.914 -260.887 0.16
-27.195 -1892.53 0.17
-226.764 -261.157 0.18
-32.4181 -1892.53 0.19
-264.615 -261.347 0.2
-37.6451 -1892.53 0.21
-302.465 -261.489 0.22
-42.8749 -1892.54 0.23
-340.316 -261.597 0.24
-48.1068 -1892.54 0.25
-378.167 -261.684 0.26
-53.3405 -1892.54 0.27
-416.018 -261.754 0.28
-58.5756 -1892.54 0.29
-453.869 -261.812 0.3
-63.8118 -1892.54 0.31
-491.719 -261.861 0.32
-69.049 -1892.54 0.33
-529.57 -261.903 0.34
-74.2871 -1892.54 0.35
-567.421 -261.94 0.36
-79.5259 -1892.54 0.37
-605.272 -261.971 0.38
-84.7653 -1892.54 0.39
-643.123 -261.999 0.4
-90.0053 -1892.54 0.41
-680.974 -262.024 0.42
-95.2458 -1892.55 0.43
-718.825 -262.046 0.44
-100.487 -1892.55 0.45
-756.676 -262.066 0.46
-105.728 -1892.55 0.47
-794.526 -262.084 0.48
-110.97 -1892.55 0.49
-832.377 -262.1 0.5
-116.212 -1892.55 0.51
-870.228 -262.115 0.52
-121.454 -1892.55 0.53
-908.079 -262.128 0.54
-126.697 -1892.55 0.55
-945.93 -262.141 0.56
-131.939 -1892.55 0.57
-983.781 -262.152 0.58
-137.182 -1892.55 0.59
-1021.63 -262.163 0.6
-142.426 -1892.55 0.61
-1059.48 -262.173 0.62
-147.669 -1892.55 0.63
-1097.33 -262.182 0.64
-152.913 -1892.55 0.65
-1135.19 -262.19 0.66
-158.157 -1892.55 0.67
-1173.04 -262.198 0.68
-163.4 -1892.55 0.69
-1210.89 -262.206 0.7
-168.645 -1892.55 0.71
-1248.74 -262.213 0.72
-173.889 -1892.55 0.73
-1286.59 -262.219 0.74
-179.133 -1892.55 0.75
-1324.44 -262.226 0.76
-184.378 -1892.55 0.77
-1362.29 -262.231 0.78
-189.622 -1892.55 0.79
-1400.14 -262.237 0.8
-194.867 -1892.55 0.81
-1437.99 -262.242 0.82
-200.112 -1892.55 0.83
-1475.84 -262.247 0.839999
-205.357 -1892.55 0.849999
-1513.69 -262.252 0.859999
-210.602 -1892.55 0.869999
-1551.55 -262.257 0.879999
-215.847 -1892.55 0.889999
-1589.4 -262.261 0.899999
-221.092 -1892.55 0.909999
-1627.25 -262.265 0.919999
-226.338 -1892.55 0.929999
-1665.1 -262.269 0.939999
-231.583 -1892.55 0.949999
-1702.95 -262.273 0.959999
-236.828 -1892.55 0.969999
-1740.8 -262.276 0.979999
-242.074 -1892.55 0.989999
-1778.65 -262.28 0.999999
-247.32 -1892.55 1.01
-1816.5 -262.283 1.02
-252.565 -1892.55 1.03
-1854.35 -262.286 1.04
-257.811 -1892.55 1.05
-1892.2 -262.289 1.06
-263.057 -1892.55 1.07
-1930.06 -262.292 1.08
-268.303 -1892.55 1.09
-1967.91 -262.295 1.1
-273.548 -1892.55 1.11
-2005.76 -262.297 1.12
-278.794 -1892.55 1.13
-2043.61 -262.3 1.14
-284.04 -1892.55 1.15
-2081.46 -262.302 1.16
-289.286 -1892.55 1.17
-2119.31 -262.305 1.18
-294.533 -1892.55 1.19
-2157.16 -262.307 1.2
-299.779 -1892.55 1.21
-2195.01 -262.309 1.22
-305.025 -1892.55 1.23
-2232.86 -262.311 1.24
-310.271 -1892.55 1.25
-2270.71 -262.314 1.26
-315.517 -1892.55 1.27
-2308.57 -262.316 1.28
-320.764 -1892.55 1.29
-2346.42 -262.318 1.3
-326.01 -1892.55 1.31
-2384.27 -262.319 1.32
-331.256 -1892.55 1.33
-2422.12 -262.321 1.34
-336.503 -1892.55 1.35
-2459.97 -262.323 1.36
-341.749 -1892.55 1.37
-2497.82 -262.325 1.38
-346.996 -1892.55 1.39
-2535.67 -262.326 1.4
-352.242 -1892.55 1.41
-2573.52 -262.328 1.42
-357.489 -1892.55 1.43
-2611.37 -262.33 1.44
-362.735 -1892.55 1.45
-2649.23 -262.331 1.46
-367.982 -1892.55 1.47
-2687.08 -262.333 1.48
-373.229 -1892.55 1.49
-2724.93 -262.334 1.5
-378.475 -1892.55 1.51
-2762.78 -262.335 1.52
-383.722 -1892.55 1.53
-2800.63 -262.337 1.54
-388.969 -1892.55 1.55
-2838.48 -262.338 1.56
-394.216 -1892.55 1.57
-2876.33 -262.339 1.58
-399.462 -1892.55 1.59
-2914.18 -262.341 1.6
-404.709 -1892.55 1.61
-2952.03 -262.342 1.62
-409.956 -1892.55 1.63
-2989.88 -262.343 1.64
-415.203 -1892.55 1.65
-3027.74 -262.344 1.66
-420.45 -1892.55 1.67
-3065.59 -262.345 1.68
-425.697 -1892.55 1.69
-3103.44 -262.346 1.7
-430.944 -1892.55 1.71
-3141.29 -262.347 1.72
-436.191 -1892.55 1.73
-3179.14 -262.348 1.74
-441.438 -1892.55 1.75
-3216.99 -262.35 1.76
-446.685 -1892.55 1.77
-3254.84 -262.351 1.78
-451.932 -1892.55 1.79
-3292.69 -262.352 1.8
-457.179 -1892.55 1.81
-3330.54 -262.352 1.82
-462.426 -1892.55 1.83
-3368.4 -262.353 1.84
-467.673 -1892.55 1.85
-3406.25 -262.354 1.86
-472.92 -1892.55 1.87
-3444.1 -262.355 1.88
-478.167 -1892.55 1.89
-3481.95 -262.356 1.9
-483.414 -1892.55 1.91
-3519.8 -262.357 1.92
-488.661 -1892.55 1.93
-3557.65 -262.358 1.94
-493.908 -1892.55 1.95
-3595.5 -262.359 1.96
-499.155 -1892.55 1.97
-3633.35 -262.359 1.98
-504.403 -1892.55 1.99
-3671.2 -262.36 2
-509.65 -1892.55 2.01
-3709.06 -262.361 2.02
-514.897 -1892.55 2.03
-3746.91 -262.362 2.04
-520.144 -1892.55 2.05
-3784.76 -262.362 2.06
-525.392 -1892.55 2.07
-3822.61 -262.363 2.08
-530.639 -1892.55 2.09
-3860.46 -262.364 2.1
-535.886 -1892.55 2.11
-3898.31 -262.365 2.12
-541.133 -1892.55 2.13
-3936.16 -262.365 2.14
-546.381 -1892.55 2.15
-3974.01 -262.366 2.16
-551.628 -1892.55 2.17
-4011.86 -262.367 2.18
-556.875 -1892.55 2.19
-4049.71 -262.367 2.2
-562.123 -1892.55 2.21
-4087.57 -262.368 2.22
-567.37 -1892.55 2.23
-4125.42 -262.368 2.24
-572.617 -1892.55 2.25
-4163.27 -262.369 2.26
-577.865 -1892.55 2.27
-4201.12 -262.37 2.28
-583.112 -1892.55 2.29
-4238.97 -262.37 2.3
-588.359 -1892.55 2.31
-4276.82 -262.371 2.32
-593.607 -1892.55 2.33
-4314.67 -262.371 2.34
-598.854 -1892.55 2.35
-4352.52 -262.372 2.36
-604.102 -1892.55 2.37
-4390.37 -262.373 2.38
-609.349 -1892.55 2.39
-4428.23 -262.373 2.4
-614.597 -1892.55 2.41
-4466.08 -262.374 2.42
-619.844 -1892.55 2.43
-4503.93 -262.374 2.44
-625.092 -1892.55 2.45
-4541.78 -262.375 2.46
-630.339 -1892.55 2.47
-4579.63 -262.375 2.48
-635.587 -1892.55 2.49
-4617.48 -262.376 2.5
-640.834 -1892.55 2.51
-4655.33 -262.376 2.52
-646.082 -1892.55 2.53
-4693.18 -262.377 2.54
-651.329 -1892.55 2.55
-4731.03 -262.377 2.56
-656.577 -1892.55 2.57
-4768.89 -262.378 2.58
-661.824 -1892.55 2.59
-4806.74 -262.378 2.6
-667.072 -1892.55 2.61
-4844.59 -262.378 2.62
-672.319 -1892.55 2.63
-4882.44 -262.379 2.64
-677.567 -1892.55 2.65
-4920.29 -262.379 2.66
-682.815 -1892.55 2.67
-4958.14 -262.38 2.68
-688.062 -1892.55 2.69
-4995.99 -262.38 2.7
-693.31 -1892.55 2.71
-5033.84 -262.381 2.72
-698.557 -1892.55 2.73
-5071.69 -262.381 2.74
-703.805 -1892.55 2.75
-5109.54 -262.381 2.76
-709.053 -1892.55 2.77
-5147.4 -262.382 2.78
-714.3 -1892.55 2.79
-5185.25 -262.382 2.8
-719.548 -1892.55 2.81
-5223.1 -262.383 2.82
-724.796 -1892.55 2.83
-5260.95 -262.383 2.84
-730.043 -1892.55 2.85
-5298.8 -262.383 2.86
-735.291 -1892.55 2.87
-5336.65 -262.384 2.88
-740.539 -1892.55 2.89
-5374.5 -262.384 2.9
-745.786 -1892.55 2.91
-5412.35 -262.384 2.92
-751.034 -1892.55 2.93
-5450.2 -262.385 2.94
-756.282 -1892.55 2.95
-5488.06 -262.385 2.96
-761.529 -1892.55 2.97
-5525.91 -262.385 2.98
-766.777 -1892.55 2.99
-5563.76 -262.386 3
-772.025 -1892.55 3.01
-5601.61 -262.386 3.02
-777.273 -1892.55 3.03
-5639.46 -262.386 3.04
-782.52 -1892.55 3.05
-5677.31 -262.387 3.06
-787.768 -1892.55 3.07
-5715.16 -262.387 3.08
-793.016 -1892.55 3.09
-5753.01 -262.387 3.1
-798.263 -1892.55 3.11
-5790.86 -262.388 3.12
-803.511 -1892.55 3.13
-5828.72 -262.388 3.14
-808.759 -1892.55 3.15
-5866.57 -262.388 3.16
-814.007 -1892.55 3.17
-5904.42 -262.389 3.18
-819.255 -1892.55 3.19
-5942.27 -262.389 3.2
-824.502 -1892.55 3.21
-5980.12 -262.389 3.22
-829.75 -1892.55 3.23
-6017.97 -262.39 3.24
-834.998 -1892.55 3.25
-6055.82 -262.39 3.26
-840.246 -1892.55 3.27
-6093.67 -262.39 3.28
-845.494 -1892.55 3.29
-6131.52 -262.39 3.3
-850.741 -1892.55 3.31
-6169.38 -262.391 3.32
-855.989 -1892.55 3.33
-6207.23 -262.391 3.34
-861.237 -1892.55 3.35
-6245.08 -262.391 3.36
-866.485 -1892.55 3.37
-6282.93 -262.391 3.38
-871.733 -1892.55 3.39
-6320.78 -262.392 3.4
-876.98 -1892.55 3.41
-6358.63 -262.392 3.42
-882.228 -1892.55 3.43
-6396.48 -262.392 3.44
-887.476 -1892.55 3.45
-6434.33 -262.392 3.46
-892.724 -1892.55 3.47
-6472.18 -262.393 3.48
-897.972 -1892.55 3.49
-6510.03 -262.393 3.5
-903.22 -1892.55 3.51
-6547.89 -262.393 3.52
-908.468 -1892.55 3.53
-6585.74 -262.393 3.54
-913.715 -1892.55 3.55
-6623.59 -262.394 3.56
-918.963 -1892.55 3.57
-6661.44 -262.394 3.58
-924.211 -1892.55 3.59
-6699.29 -262.394 3.6
-929.459 -1892.55 3.61
-6737.14 -262.394 3.62
-934.707 -1892.55 3.63
-6774.99 -262.395 3.64
-939.955 -1892.55 3.65
-6812.84 -262.395 3.66
-945.203 -1892.55 3.67
-6850.69 -262.395 3.68
-950.451 -1892.55 3.69
-6888.55 -262.395 3.7
-955.699 -1892.55 3.71
-6926.4 -262.396 3.72
-960.946 -1892.55 3.73
-6964.25 -262.396 3.74
-966.194 -1892.55 3.75
-7002.1 -262.396 3.76
-971.442 -1892.55 3.77
-7039.95 -262.396 3.78
-976.69 -1892.55 3.79
-7077.8 -262.396 3.8
-981.938 -1892.55 3.81
-7115.65 -262.397 3.82
-987.186 -1892.55 3.83
-7153.5 -262.397 3.84
-992.434 -1892.55 3.85
-7191.35 -262.397 3.86
-997.682 -1892.55 3.87
-7229.21 -262.397 3.88
-1002.93 -1892.55 3.89
-7267.06 -262.397 3.9
-1008.18 -1892.55 3.91
-7304.91 -262.398 3.92
-1013.43 -1892.55 3.93
-7342.76 -262.398 3.94
-1018.67 -1892.55 3.95
-7380.61 -262.398 3.96
-1023.92 -1892.55 3.97
-7418.46 -262.398 3.98
-1029.17 -1892.55 3.99
-7456.31 -262.398 4
-1034.42 -1892.55 4.01
-7494.16 -262.399 4.02
-1039.67 -1892.55 4.03
-7532.01 -262.399 4.04
-1044.91 -1892.55 4.05
-7569.86 -262.399 4.06
-1050.16 -1892.55 4.07
-7607.72 -262.399 4.08
-1055.41 -1892.55 4.09
-7645.57 -262.399 4.1
-1060.66 -1892.55 4.11
-7683.42 -262.399 4.12
-1065.91 -1892.55 4.13
-7721.27 -262.4 4.14
-1071.15 -1892.55 4.15
-7759.12 -262.4 4.16
-1076.4 -1892.55 4.17
-7796.97 -262.4 4.18
-1081.65 -1892.55 4.19
-7834.82 -262.4 4.2
-1086.9 -1892.55 4.21
-7872.67 -262.4 4.22
-1092.15 -1892.55 4.23
-7910.52 -262.401 4.24
-1097.39 -1892.55 4.25
-7948.38 -262.401 4.26
-1102.64 -1892.55 4.27
-7986.23 -262.401 4.28
-1107.89 -1892.55 4.29
-8024.08 -262.401 4.3
-1113.14 -1892.55 4.31
-8061.93 -262.401 4.32
-1118.39 -1892.55 4.33
-8099.78 -262.401 4.34
-1123.63 -1892.55 4.35
-8137.63 -262.401 4.36
-1128.88 -1892.55 4.37001
-8175.48 -262.402 4.38001
-1134.13 -1892.55 4.39001
-8213.33 -262.402 4.40001
-1139.38 -1892.55 4.41001
-8251.18 -262.402 4.42001
-1144.63 -1892.55 4.43001
-8289.03 -262.402 4.44001
-1149.87 -1892.55 4.45001
-8326.88 -262.402 4.46001
-1155.12 -1892.55 4.47001
-8364.74 -262.402 4.48001
-1160.37 -1892.55 4.49001
-8402.59 -262.403 4.50001
-1165.62 -1892.55 4.51001
-8440.44 -262.403 4.52001
-1170.87 -1892.55 4.53001
-8478.29 -262.403 4.54001
-1176.11 -1892.55 4.55001
-8516.14 -262.403 4.56001
-1181.36 -1892.55 4.57001
-8553.99 -262.403 4.58001
-1186.61 -1892.55 4.59001
-8591.84 -262.403 4.60001
-1191.86 -1892.55 4.61001
-8629.69 -262.403 4.62001
-1197.11 -1892.55 4.63001
-8667.54 -262.404 4.64001
-1202.35 -1892.55 4.65001
-8705.39 -262.404 4.66001
-1207.6 -1892.55 4.67001
-8743.24 -262.404 4.68001
-1212.85 -1892.55 4.69001
-8781.09 -262.404 4.70001
-1218.1 -1892.55 4.71001
-8818.94 -262.404 4.72001
-1223.35 -1892.55 4.73001
-8856.79 -262.404 4.74001
-1228.59 -1892.55 4.75001
-8894.64 -262.404 4.76001
-1233.84 -1892.55 4.77001
-8932.49 -262.404 4.78001
-1239.09 -1892.55 4.79001
-8970.34 -262.405 4.80001
-1244.34 -1892.55 4.81002
-9008.2 -262.405 4.82002
-1249.59 -1892.55 4.83002
-9046.05 -262.405 4.84002
-1254.83 -1892.55 4.85002
-9083.9 -262.405 4.86002
-1260.08 -1892.55 4.87002
-9121.75 -262.405 4.88002
-1265.33 -1892.55 4.89002
-9159.6 -262.405 4.90002
-1270.58 -1892.55 4.91002
-9197.45 -262.405 4.92002
-1275.83 -1892.55 4.93002
-9235.3 -262.405 4.94002
-1281.08 -1892.55 4.95002
-9273.15 -262.406 4.96002
-1286.32 -1892.55 4.97002
-9311 -262.406 4.98002
-1291.57 -1892.55 4.99002
-9348.85 -262.406 5.00002
-1296.82 -1892.55 5.01002
-9386.7 -262.406 5.02002
-1302.07 -1892.55 5.03002
-9424.55 -262.406 5.04002
-1307.32 -1892.55 5.05002
-9462.4 -262.406 5.06002
-1312.56 -1892.55 5.07002
-9500.25 -262.406 5.08002
-1317.81 -1892.55 5.09002
-9538.1 -262.406 5.10002
-1323.06 -1892.55 5.11002
-9575.95 -262.407 5.12002
-1328.31 -1892.55 5.13002
-9613.8 -262.407 5.14002
-1333.56 -1892.55 5.15002
-9651.66 -262.407 5.16002
-1338.81 -1892.55 5.17002
-9689.51 -262.407 5.18002
-1344.05 -1892.55 5.19002
-9727.36 -262.407 5.20002
-1349.3 -1892.55 5.21002
-9765.21 -262.407 5.22002
-1354.55 -1892.55 5.23002
-9803.06 -262.407 5.24003
-1359.8 -1892.55 5.25003
-9840.91 -262.407 5.26003
-1365.05 -1892.55 5.27003
-9878.76 -262.408 5.28003
-1370.29 -1892.55 5.29003
-9916.61 -262.408 5.30003
-1375.54 -1892.55 5.31003
-9954.46 -262.408 5.32003
-1380.79 -1892.55 5.33003
-9992.31 -262.408 5.34003
-1386.04 -1892.55 5.35003
-10030.2 -262.408 5.36003
-1391.29 -1892.55 5.37003
-10068 -262.408 5.38003
-1396.54 -1892.55 5.39003
-10105.9 -262.408 5.40003
-1401.78 -1892.55 5.41003
-10143.7 -262.408 5.42003
-1407.03 -1892.55 5.43003
-10181.6 -262.408 5.44003
-1412.28 -1892.55 5.45003
-10219.4 -262.408 5.46003
-1417.53 -1892.55 5.47003
-10257.3 -262.408 5.48003
-1422.78 -1892.55 5.49003
-10295.1 -262.409 5.50003
-1428.02 -1892.55 5.51003
-10333 -262.409 5.52003
-1433.27 -1892.55 5.53003
-10370.8 -262.409 5.54003
-1438.52 -1892.55 5.55003
-10408.7 -262.409 5.56003
-1443.77 -1892.55 5.57003
-10446.5 -262.409 5.58003
-1449.02 -1892.55 5.59003
-10484.4 -262.409 5.60003
-1454.26 -1892.55 5.61003
-10522.2 -262.409 5.62003
-1459.51 -1892.55 5.63003
-10560.1 -262.409 5.64003
-1464.76 -1892.55 5.65003
-10597.9 -262.409 5.66003
-1470.01 -1892.55 5.67003
-10635.8 -262.409 5.68004
-1475.26 -1892.55 5.69004
-10673.6 -262.409 5.70004
-1480.51 -1892.55 5.71004
-10711.5 -262.41 5.72004
-1485.75 -1892.55 5.73004
-10749.3 -262.41 5.74004
-1491 -1892.55 5.75004
-10787.2 -262.41 5.76004
-1496.25 -1892.55 5.77004
-10825 -262.41 5.78004
-1501.5 -1892.55 5.79004
-10862.9 -262.41 5.80004
-1506.75 -1892.55 5.81004
-10900.7 -262.41 5.82004
-1511.99 -1892.55 5.83004
-10938.6 -262.41 5.84004
-1517.24 -1892.55 5.85004
-10976.4 -262.41 5.86004
-1522.49 -1892.55 5.87004
-11014.3 -262.41 5.88004
-1527.74 -1892.55 5.89004
-11052.1 -262.41 5.90004
-1532.99 -1892.55 5.91004
-11090 -262.41 5.92004
-1538.24 -1892.55 5.93004
-11127.8 -262.411 5.94004
-1543.48 -1892.55 5.95004
-11165.7 -262.411 5.96004
-1548.73 -1892.55 5.97004
-11203.5 -262.411 5.98004
-1553.98 -1892.55 5.99004
-11241.4 -262.411 6.00004
-1559.23 -1892.55 6.01004
-11279.2 -262.411 6.02004
-1564.48 -1892.55 6.03004
-11317.1 -262.411 6.04004
-1569.72 -1892.55 6.05004
-11354.9 -262.411 6.06004
-1574.97 -1892.55 6.07004
-11392.8 -262.411 6.08004
-1580.22 -1892.55 6.09004
-11430.6 -262.411 6.10004
-1585.47 -1892.55 6.11004
-11468.5 -262.411 6.12005
-1590.72 -1892.55 6.13005
-11506.3 -262.411 6.14005
-1595.97 -1892.55 6.15005
-11544.2 -262.412 6.16005
-1601.21 -1892.55 6.17005
-11582 -262.412 6.18005
-1606.46 -1892.55 6.19005
-11619.9 -262.412 6.20005
-1611.71 -1892.55 6.21005
-11657.7 -262.412 6.22005
-1616.96 -1892.55 6.23005
-11695.6 -262.412 6.24005
-1622.21 -1892.55 6.25005
-11733.4 -262.412 6.26005
-1627.46 -1892.55 6.27005
-11771.3 -262.412 6.28005
-1632.7 -1892.55 6.29005
-11809.1 -262.412 6.30005
-1637.95 -1892.55 6.31005
-11847 -262.412 6.32005
-1643.2 -1892.55 6.33005
-11884.8 -262.412 6.34005
-1648.45 -1892.55 6.35005
-11922.7 -262.412 6.36005
-1653.7 -1892.55 6.37005
-11960.5 -262.412 6.38005
-1658.94 -1892.55 6.39005
-11998.4 -262.412 6.40005
-1664.19 -1892.55 6.41005
-12036.2 -262.412 6.42005
-1669.44 -1892.55 6.43005
-12074.1 -262.413 6.44005
-1674.69 -1892.55 6.45005
-12111.9 -262.413 6.46005
-1679.94 -1892.55 6.47005
-12149.8 -262.413 6.48005
-1685.19 -1892.55 6.49005
-12187.6 -262.413 6.50005
-1690.43 -1892.55 6.51005
-12225.5 -262.413 6.52005
-1695.68 -1892.55 6.53005
-12263.3 -262.413 6.54005
-1700.93 -1892.55 6.55006
-12301.2 -262.413 6.56006
-1706.18 -1892.55 6.57006
-12339 -262.413 6.58006
-1711.43 -1892.55 6.59006
-12376.9 -262.413 6.60006
-1716.68 -1892.55 6.61006
-12414.7 -262.413 6.62006
-1721.92 -1892.55 6.63006
-12452.6 -262.413 6.64006
-1727.17 -1892.55 6.65006
-12490.4 -262.413 6.66006
-1732.42 -1892.55 6.67006
-12528.3 -262.413 6.68006
-1737.67 -1892.55 6.69006
-12566.2 -262.413 6.70006
-1742.92 -1892.55 6.71006
-12604 -262.413 6.72006
-1748.17 -1892.55 6.73006
-12641.9 -262.413 6.74006
-1753.41 -1892.55 6.75006
-12679.7 -262.414 6.76006
-1758.66 -1892.55 6.77006
-12717.6 -262.414 6.78006
-1763.91 -1892.55 6.79006
-12755.4 -262.414 6.80006
-1769.16 -1892.55 6.81006
-12793.3 -262.414 6.82006
-1774.41 -1892.55 6.83006
-12831.1 -262.414 6.84006
-1779.66 -1892.55 6.85006
-12869 -262.414 6.86006
-1784.9 -1892.55 6.87006
-12906.8 -262.414 6.88006
-1790.15 -1892.55 6.89006
-12944.7 -262.414 6.90006
-1795.4 -1892.55 6.91006
-12982.5 -262.414 6.92006
-1800.65 -1892.55 6.93006
-13020.4 -262.414 6.94006
-1805.9 -1892.55 6.95006
-13058.2 -262.414 6.96006
-1811.15 -1892.55 6.97006
-13096.1 -262.414 6.98006
-1816.39 -1892.55 6.99007
-13133.9 -262.414 7.00007
-1821.64 -1892.55 7.01007
-13171.8 -262.414 7.02007
-1826.89 -1892.55 7.03007
-13209.6 -262.414 7.04007
-1832.14 -1892.55 7.05007
-13247.5 -262.414 7.06007
-1837.39 -1892.55 7.07007
-13285.3 -262.414 7.08007
-1842.64 -1892.55 7.09007
-13323.2 -262.415 7.10007
-1847.88 -1892.55 7.11007
-13361 -262.415 7.12007
-1853.13 -1892.55 7.13007
-13398.9 -262.415 7.14007
-1858.38 -1892.55 7.15007
-13436.7 -262.415 7.16007
-1863.63 -1892.55 7.17007
-13474.6 -262.415 7.18007
-1868.88 -1892.55 7.19007
-13512.4 -262.415 7.20007
-1874.12 -1892.55 7.21007
-13550.3 -262.415 7.22007
-1879.37 -1892.55 7.23007
-13588.1 -262.415 7.24007
-1884.62 -1892.55 7.25007
-13626 -262.415 7.26007
-1889.87 -1892.55 7.27007
-13663.8 -262.415 7.28007
-1895.12 -1892.55 7.29007
-13701.7 -262.415 7.30007
-1900.37 -1892.55 7.31007
-13739.5 -262.415 7.32007
-1905.61 -1892.55 7.33007
-13777.4 -262.415 7.34007
-1910.86 -1892.55 7.35007
-13815.2 -262.415 7.36007
-1916.11 -1892.55 7.37007
-13853.1 -262.415 7.38007
-1921.36 -1892.55 7.39007
-13890.9 -262.415 7.40007
-1926.61 -1892.55 7.41007
-13928.8 -262.416 7.42007
-1931.86 -1892.55 7.43008
-13966.6 -262.416 7.44008
-1937.1 -1892.55 7.45008
-14004.5 -262.416 7.46008
-1942.35 -1892.55 7.47008
-14042.3 -262.416 7.48008
-1947.6 -1892.55 7.49008
-14080.2 -262.416 7.50008
-1952.85 -1892.55 7.51008
-14118 -262.416 7.52008
-1958.1 -1892.55 7.53008
-14155.9 -262.416 7.54008
-1963.35 -1892.55 7.55008
-14193.7 -262.416 7.56008
-1968.59 -1892.55 7.57008
-14231.6 -262.416 7.58008
-1973.84 -1892.55 7.59008
-14269.4 -262.416 7.60008
-1979.09 -1892.55 7.61008
-14307.3 -262.416 7.62008
-1984.34 -1892.55 7.63008
-14345.1 -262.416 7.64008
-1989.59 -1892.55 7.65008
-14383 -262.416 7.66008
-1994.84 -1892.55 7.67008
-14420.8 -262.416 7.68008
-2000.08 -1892.55 7.69008
-14458.7 -262.416 7.70008
-2005.33 -1892.55 7.71008
-14496.5 -262.416 7.72008
-2010.58 -1892.55 7.73008
-14534.4 -262.417 7.74008
-2015.83 -1892.55 7.75008
-14572.2 -262.417 7.76008
-2021.08 -1892.55 7.77008
-14610.1 -262.417 7.78008
-2026.33 -1892.55 7.79008
-14647.9 -262.417 7.80008
-2031.57 -1892.55 7.81008
-14685.8 -262.417 7.82008
-2036.82 -1892.55 7.83008
-14723.6 -262.417 7.84008
-2042.07 -1892.55 7.85008
-14761.5 -262.417 7.86009
-2047.32 -1892.55 7.87009
-14799.3 -262.417 7.88009
-2052.57 -1892.55 7.89009
-14837.2 -262.417 7.90009
-2057.82 -1892.55 7.91009
-14875 -262.417 7.92009
-2063.06 -1892.55 7.93009
-14912.9 -262.417 7.94009
-2068.31 -1892.55 7.95009
-14950.7 -262.417 7.96009
-2073.56 -1892.55 7.97009
-14988.6 -262.417 7.98009
-2078.81 -1892.55 7.99009
-15026.4 -262.417 8.00009
-2084.06 -1892.55 8.01009
-15064.3 -262.417 8.02009
-2089.3 -1892.55 8.03009
-15102.1 -262.417 8.04009
-2094.55 -1892.55 8.05009
-15140 -262.417 8.06009
-2099.8 -1892.55 8.07009
-15177.8 -262.417 8.08009
-2105.05 -1892.55 8.09009
-15215.7 -262.418 8.10009
-2110.3 -1892.55 8.11009
-15253.5 -262.418 8.12009
-2115.55 -1892.55 8.13009
-15291.4 -262.418 8.14009
-2120.79 -1892.55 8.15009
-15329.2 -262.418 8.16009
-2126.04 -1892.55 8.17009
-15367.1 -262.418 8.18009
-2131.29 -1892.55 8.19009
-15404.9 -262.418 8.20009
-2136.54 -1892.55 8.21009
-15442.8 -262.418 8.22009
-2141.79 -1892.55 8.23009
-15480.6 -262.418 8.24009
-2147.04 -1892.55 8.25009
-15518.5 -262.418 8.26009
-2152.28 -1892.55 8.27009
-15556.3 -262.418 8.28009
-2157.53 -1892.55 8.29009
-15594.2 -262.418 8.30009
-2162.78 -1892.55 8.31009
-15632 -262.418 8.3201
-2168.03 -1892.55 8.3301
-15669.9 -262.418 8.3401
-2173.28 -1892.55 8.3501
-15707.7 -262.418 8.3601
-2178.53 -1892.55 8.3701
-15745.6 -262.418 8.3801
-2183.77 -1892.55 8.3901
-15783.5 -262.418 8.4001
-2189.02 -1892.55 8.4101
-15821.3 -262.418 8.4201
-2194.27 -1892.55 8.4301
-15859.2 -262.418 8.4401
-2199.52 -1892.55 8.4501
-15897 -262.418 8.4601
-2204.77 -1892.55 8.4701
-15934.9 -262.418 8.4801
-2210.02 -1892.55 8.4901
-15972.7 -262.418 8.5001
-2215.26 -1892.55 8.5101
-16010.6 -262.418 8.5201
-2220.51 -1892.55 8.5301
-16048.4 -262.418 8.5401
-2225.76 -1892.55 8.5501
-16086.3 -262.418 8.5601
-2231.01 -1892.55 8.5701
-16124.1 -262.418 8.5801
-2236.26 -1892.55 8.5901
-16162 -262.418 8.6001
-2241.51 -1892.55 8.6101
-16199.8 -262.418 8.6201
-2246.75 -1892.55 8.6301
-16237.7 -262.418 8.6401
-2252 -1892.55 8.6501
-16275.5 -262.418 8.6601
-2257.25 -1892.55 8.6701
-16313.4 -262.418 8.6801
-2262.5 -1892.55 8.6901
-16351.2 -262.418 8.7001
-2267.75 -1892.55 8.7101
-16389.1 -262.418 8.7201
-2273 -1892.55 8.7301
-16426.9 -262.418 8.7401
-2278.24 -1892.55 8.7501
-16464.8 -262.419 8.76011
-2283.49 -1892.55 8.77011
-16502.6 -262.419 8.78011
-2288.74 -1892.55 8.79011
-16540.5 -262.419 8.80011
-2293.99 -1892.55 8.81011
-16578.3 -262.419 8.82011
-2299.24 -1892.55 8.83011
-16616.2 -262.419 8.84011
-2304.48 -1892.55 8.85011
-16654 -262.419 8.86011
-2309.73 -1892.55 8.87011
-16691.9 -262.419 8.88011
-2314.98 -1892.55 8.89011
-16729.7 -262.419 8.90011
-2320.23 -1892.55 8.91011
-16767.6 -262.419 8.92011
-2325.48 -1892.55 8.93011
-16805.4 -262.419 8.94011
-2330.73 -1892.55 8.95011
-16843.3 -262.419 8.96011
-2335.97 -1892.55 8.97011
-16881.1 -262.419 8.98011
-2341.22 -1892.55 8.99011
-16919 -262.419 9.00011
-2346.47 -1892.55 9.01011
-16956.8 -262.419 9.02011
-2351.72 -1892.55 9.03011
-16994.7 -262.419 9.04011
-2356.97 -1892.55 9.05011
-17032.5 -262.419 9.06011
-2362.22 -1892.55 9.07011
-17070.4 -262.419 9.08011
-2367.46 -1892.55 9.09011
-17108.2 -262.419 9.10011
-2372.71 -1892.55 9.11011
-17146.1 -262.419 9.12011
-2377.96 -1892.55 9.13011
-17183.9 -262.419 9.14011
-2383.21 -1892.55 9.15011
-17221.8 -262.419 9.16011
-2388.46 -1892.55 9.17011
-17259.6 -262.419 9.18011
-2393.71 -1892.55 9.19011
-17297.5 -262.419 9.20012
-2398.95 -1892.55 9.21012
-17335.3 -262.419 9.22012
-2404.2 -1892.55 9.23012
-17373.2 -262.419 9.24012
-2409.45 -1892.55 9.25012
-17411.1 -262.419 9.26012
-2414.7 -1892.55 9.27012
-17448.9 -262.419 9.28012
-2419.95 -1892.55 9.29012
-17486.8 -262.419 9.30012
-2425.2 -1892.55 9.31012
-17524.6 -262.419 9.32012
-2430.44 -1892.55 9.33012
-17562.5 -262.419 9.34012
-2435.69 -1892.55 9.35012
-17600.3 -262.419 9.36012
-2440.94 -1892.55 9.37012
-17638.2 -262.419 9.38012
-2446.19 -1892.55 9.39012
-17676 -262.419 9.40012
-2451.44 -1892.55 9.41012
-17713.9 -262.42 9.42012
-2456.69 -1892.55 9.43012
-17751.7 -262.42 9.44012
-2461.93 -1892.55 9.45012
-17789.6 -262.42 9.46012
-2467.18 -1892.55 9.47012
-17827.4 -262.42 9.48012
-2472.43 -1892.55 9.49012
-17865.3 -262.42 9.50012
-2477.68 -1892.55 9.51012
-17903.1 -262.42 9.52012
-2482.93 -1892.55 9.53012
-17941 -262.42 9.54012
-2488.18 -1892.55 9.55012
-17978.8 -262.42 9.56012
-2493.42 -1892.55 9.57012
-18016.7 -262.42 9.58012
-2498.67 -1892.55 9.59012
-18054.5 -262.42 9.60012
-2503.92 -1892.55 9.61012
-18092.4 -262.42 9.62012
-2509.17 -1892.55 9.63013
-18130.2 -262.42 9.64013
-2514.42 -1892.55 9.65013
-18168.1 -262.42 9.66013
-2519.66 -1892.55 9.67013
-18205.9 -262.42 9.68013
-2524.91 -1892.55 9.69013
-18243.8 -262.42 9.70013
-2530.16 -1892.55 9.71013
-18281.6 -262.42 9.72013
-2535.41 -1892.55 9.73013
-18319.5 -262.42 9.74013
-2540.66 -1892.55 9.75013
-18357.3 -262.42 9.76013
-2545.91 -1892.55 9.77013
-18395.2 -262.42 9.78013
-2551.15 -1892.55 9.79013
-18433 -262.42 9.80013
-2556.4 -1892.55 9.81013
-18470.9 -262.42 9.82013
-2561.65 -1892.55 9.83013
-18508.7 -262.42 9.84013
-2566.9 -1892.55 9.85013
-18546.6 -262.42 9.86013
-2572.15 -1892.55 9.87013
-18584.5 -262.42 9.88013
-2577.4 -1892.55 9.89013
-18622.3 -262.42 9.90013
-2582.64 -1892.55 9.91013
-18660.2 -262.42 9.92013
-2587.89 -1892.55 9.93013
-18698 -262.42 9.94013
-2593.14 -1892.55 9.95013
-18735.9 -262.42 9.96013
-2598.39 -1892.55 9.97013
-18773.7 -262.42 9.98013
-2603.64 -1892.55 9.99013
-18811.6 -262.42 10.0001
